$ 1 0.000005 4.252108200006279 50 5 50 5e-11
R -176 208 -208 208 0 2 680 2 2 0 0.5
r -176 208 -96 208 0 470
163 368 256 480 256 6 4 0 5 0 0
w 368 224 368 288 0
197 448 384 512 384 0
164 288 384 464 384 0 4 0 5 5 0 false 0
w 496 224 528 224 0
w 528 224 528 336 0
w 528 336 288 336 0
w 288 336 288 384 0
157 576 384 704 384 0 7 0 0
w 576 512 640 512 0
w 576 544 672 544 0
w 672 544 672 512 0
w 576 576 704 576 0
w 704 576 704 512 0
w 384 480 448 480 0
w 384 448 448 448 0
w 384 416 448 416 0
w -416 496 -416 544 0
w 384 512 384 480 0
w -416 464 -448 464 0
d -96 208 -96 160 2 1N5712
R -96 160 -96 128 0 0 40 5 0 0 0.5
g -96 256 -96 288 0 0
w -96 208 -64 208 0
c -64 208 -64 256 0 3.3e-10 3.2409488390057115 0.001
g -64 256 -64 288 0 0
w 208 208 256 208 0
d -96 256 -96 208 2 default
w 64 208 208 208 0
w -64 208 -16 208 0
162 -16 208 -16 128 2 default-led 1 0 0 0.01
r -16 128 -16 64 0 1000
g -16 64 -16 16 0 0
w -16 208 64 208 0
w 416 528 416 384 0
w 416 384 384 384 0
w 416 384 448 384 0
w 384 544 384 512 0
w 416 528 416 560 0
r 496 320 224 320 0 1000
w 368 224 368 208 0
w 368 208 256 208 0
w 528 224 528 160 0
w 528 160 16 160 0
197 448 624 528 624 0
157 576 624 704 624 0 7 0 0
w 640 752 576 752 0
w 576 784 672 784 0
w 672 784 672 752 0
w 704 752 704 816 0
w 704 816 576 816 0
164 288 624 464 624 0 4 0 0 0 0 false 0
w 384 624 416 624 0
w 416 624 448 624 0
w 384 656 416 656 0
w 416 656 448 656 0
w 384 688 416 688 0
w 416 688 448 688 0
w 384 720 416 720 0
w 416 720 448 720 0
150 16 624 144 624 0 2 0 5
w -304 544 -416 544 0
w -448 464 -448 560 0
w -448 560 -336 560 0
w -224 752 416 752 0
w -224 752 -240 752 0
150 -416 480 -304 480 0 2 5 5
150 -240 496 -144 496 0 2 0 5
w -240 480 -304 480 0
w -240 752 -240 512 0
w -144 496 -96 496 0
w 448 448 448 512 0
w 448 512 -304 544 0
w 448 416 352 528 0
w 352 528 -336 560 0
w 416 752 416 720 0
152 144 480 256 480 0 2 0 5
w 224 624 288 624 0
w -96 496 224 320 0
w -96 496 144 464 0
w 256 480 288 480 0
w 144 624 144 496 0
w 224 624 144 624 0
w 288 720 -96 720 0
w -96 720 -96 496 0
w 416 560 0 576 0
w 0 576 0 640 0
w 0 640 16 640 0
w 384 544 384 576 0
w 384 576 384 592 0
w 384 592 16 592 0
w 16 592 16 608 0
o 0 64 0 4098 20 0.1 0 4 0 3 72 0 72 3
