$ 1 0.000005 10.20027730826997 50 5 50 5e-11
R 48 208 16 208 0 2 420 5 0 0 0.5
d 48 208 128 208 2 default
r 128 208 208 208 0 47000
t 208 208 256 208 0 1 0.5043579923562067 0.5633844470366518 100 default
r 256 192 256 112 0 10000
R 256 112 256 64 0 0 40 5 0 0 0.5
162 352 96 352 160 2 default-led 1 0 0 0.01
R 352 -16 352 -64 0 0 40 5 0 0 0.5
r 352 64 352 -16 0 10000
t 304 80 352 80 0 1 0.5600844698984586 0.5897474102741116 100 default
w 256 224 304 224 0
w 304 224 304 80 0
r 352 160 416 160 0 1000
g 416 160 480 160 0 0
163 368 256 480 256 6 4 5 0 0 0
w 304 224 368 224 0
w 368 224 368 288 0
197 448 384 512 384 0
164 288 384 464 384 0 4 5 0 0 5 false 0
w 496 224 528 224 0
w 528 224 528 336 0
w 528 336 288 336 0
w 288 336 288 384 0
157 576 384 704 384 0 7 0 0
w 576 512 640 512 0
w 576 544 672 544 0
w 672 544 672 512 0
w 576 576 704 576 0
w 704 576 704 512 0
t 64 400 128 400 0 1 0.5732953426973382 0.6028535276709497 100 default
t 64 432 128 432 0 1 0.5732114740823043 0.6101686220362051 100 default
r 128 384 128 304 0 10000
R 128 304 128 256 0 0 40 5 0 0 0.5
w 384 480 448 480 0
w 384 448 448 448 0
w 384 416 448 416 0
w 384 384 448 384 0
w 32 400 64 400 0
w 128 384 192 384 0
r 32 400 -16 400 0 10000
r 64 432 -16 432 0 10000
w -16 432 -16 512 0
w -16 512 384 512 0
w 384 512 384 480 0
w -16 400 -48 400 0
w -48 400 -48 528 0
w -48 528 416 528 0
w 416 528 384 384 0
w 208 320 496 320 0
r 288 480 224 480 0 10000
g 224 480 192 480 0 0
w 288 464 288 480 0
r 208 320 208 256 0 10000
g 208 256 176 256 0 0
g 128 448 128 496 0 0
w 192 384 192 448 0
w 192 384 192 320 0
w 192 320 208 320 0
w 192 448 288 448 0
w 288 448 288 464 0
o 0 64 0 4098 20 0.1 0 2 0 3
