$ 1 0.000005 1.1208435524800693 50 5 50 5e-11
R -176 208 -208 208 0 2 480 8 3 0 0.5
r -176 208 -96 208 0 470
w 256 224 304 224 0
163 368 256 480 256 6 4 0 0 5 0
w 304 224 368 224 0
w 368 224 368 288 0
197 448 384 512 384 0
164 288 384 464 384 0 4 0 0 0 0 false 0
w 496 224 528 224 0
w 528 224 528 336 0
w 528 336 288 336 0
w 288 336 288 384 0
157 576 384 704 384 0 7 0 0
w 576 512 640 512 0
w 576 544 672 544 0
w 672 544 672 512 0
w 576 576 704 576 0
w 704 576 704 512 0
w 384 480 448 480 0
w 384 448 448 448 0
w 384 416 448 416 0
w 288 528 384 528 0
r 288 480 224 480 0 10000
g 224 480 192 480 0 0
d -96 208 -96 160 2 1N5712
R -96 160 -96 128 0 0 40 12 0 0 0.5
g -96 256 -96 288 0 0
w -96 208 -64 208 0
c -64 208 -64 256 0 3.3e-10 -0.5586350160710826 0.001
g -64 256 -64 288 0 0
w 208 208 256 208 0
w 256 208 256 224 0
d -96 256 -96 208 2 default
w 64 208 208 208 0
w -64 208 -16 208 0
162 -16 208 -16 128 2 default-led 1 0 0 0.01
r -16 128 -16 64 0 2000
g -16 64 -16 16 0 0
w -16 208 64 208 0
w 416 384 384 384 0
w 416 384 448 384 0
w 496 320 304 320 0
w 384 528 384 448 0
s 32 368 176 368 0 1 true
w 224 368 224 320 0
d 288 528 288 480 2 default
w 288 480 224 368 0
M 528 224 624 224 0 2.5
M 384 528 384 576 0 2.5
M 368 224 368 160 0 2.5
w 176 368 224 368 0
r 32 368 -16 368 0 1000
R -16 368 -80 368 0 0 40 12 0 0 0.5
r 496 320 576 320 0 10000
g 576 320 608 320 0 0
w 224 320 304 320 0
o 9 64 0 4099 5 0.00009765625 0 2 9 3
o 48 1 0 4098 10 0.1 1 3 47 0 49 0
