$ 1 0.000005 10.20027730826997 50 5 43 5e-11
t 160 256 224 256 0 1 -1.7123804969935685 -0.9999999995988564 100 default
t 320 240 368 240 0 1 0.6711351914671921 0.7123804973947122 100 default
w 224 240 320 240 0
r 224 240 224 160 0 220
R 224 160 224 112 0 0 40 5 0 0 0.5
r 368 224 368 160 0 220
R 368 160 368 112 0 0 40 12 0 0 0.5
g 368 256 368 304 0 0
g 224 336 224 368 0 0
R 80 256 32 256 1 2 120 1 0 0 0.5
r 80 256 160 256 0 220
p 224 240 336 352 3 0 1
p 368 224 496 224 3 0 1
w 224 272 224 336 0
162 464 272 464 336 2 default-led 1 0 0 0.01
r 464 336 464 400 0 1000
g 464 400 464 448 0 0
w 368 224 464 272 0
w 464 272 528 272 0
M 528 272 608 272 0 2.5
