$ 1 0.000005 10.20027730826997 50 5 50 5e-11
R 144 272 96 272 0 2 40 1 0 0 0.5
c 416 272 416 352 0 3.3e-10 0.7580428105614189 0.001
r 224 272 336 272 0 470
g 416 352 416 416 0 0
d 336 272 416 272 2 default
t 560 272 624 272 0 1 0.4518477712632023 0.6001258412051174 100 default
g 624 288 624 416 0 0
r 624 256 624 160 0 10000
R 624 160 624 96 0 0 40 12 0 0 0.5
r 624 256 736 256 0 10000
t 736 256 816 256 0 1 -11.851721265292134 0.14827818636605383 100 default
g 816 272 816 416 0 0
r 816 240 816 144 0 10000
R 816 144 816 96 0 0 40 12 0 0 0.5
w 816 240 912 240 0
s 144 272 224 272 0 0 false
r 512 272 560 272 0 10000
w 512 272 416 272 0
o 0 64 0 4098 5 0.003125 0 2 0 3
o 14 64 0 4098 20 0.0001953125 1 2 14 3
o 9 64 0 4098 10 0.00078125 2 2 9 3
