$ 1 0.000005 10.20027730826997 50 5 50 5e-11
s 176 176 304 176 0 1 true
g 176 176 128 176 0 0
R 304 112 304 64 0 0 40 5 0 0 0.5
M 304 176 304 240 0 2.5
t 400 176 464 176 0 1 0.6323913286876011 0.6698963391890362 100 default
g 464 192 464 240 0 0
r 464 160 464 96 0 1000
R 464 96 464 64 0 0 40 5 0 0 0.5
r 304 112 304 176 0 1000
w 304 176 400 176 0
R 448 304 384 304 1 2 100 2.5 2.5 0 0.5
M 528 160 528 112 0 2.5
d 528 304 528 160 2 default
r 464 160 528 160 0 1000
w 448 304 528 304 0
M 608 512 608 464 0 2.5
w 304 528 400 528 0
R 544 448 544 416 0 0 40 12 0 0 0.5
r 544 512 544 448 0 12000
g 544 544 544 592 0 0
t 480 528 544 528 0 1 -5.815093457134308 0.00014763708237749154 100 default
R 304 464 304 416 0 0 40 12 0 0 0.5
d 304 528 304 464 2 1N5711
d 304 592 304 528 2 1N5711
g 304 592 304 624 0 0
r 304 528 208 528 0 470
R 208 528 128 528 0 2 12 0.8 0.8 0 0.5
c 400 528 400 592 0 3.9e-10 0.00014763708237749154 0.001
g 400 592 400 624 0 0
w 544 512 608 512 0
t 656 512 720 512 0 1 0.5711110979659174 0.6612754577063256 100 default
g 720 528 720 560 0 0
r 720 496 720 448 0 1000
R 720 448 720 416 0 0 40 12 0 0 0.5
r 656 512 608 512 0 10000
w 720 496 784 496 0
M 784 496 784 448 0 2.5
w 480 528 400 528 0
r 880 528 880 624 0 2200
162 880 624 880 704 2 default-led 1 0 0 0.02
g 880 704 864 752 0 0
w 784 496 880 528 0
o 26 64 0 4099 5 0.003125 0 2 26 3
o 15 64 0 4098 20 0.1 1 2 36 0
