$ 1 0.0000049999999999999996 10.20027730826997 50 5 43 5e-11
r 352 112 352 256 0 10000
t 304 304 352 304 0 1 0.59866721706703 0.6276097768702343 354 default
w 352 112 304 112 0
R 272 112 208 112 0 0 40 12 0 0 0.5
w 272 304 304 304 0
g 352 320 352 368 0 0
w 352 256 352 288 0
x 321 229 337 232 4 12 Q1
x 366 311 382 314 4 12 Q2
x 273 166 288 169 4 12 R1
x 377 168 392 171 4 12 R2
x 402 234 417 237 4 12 R3
w 352 288 432 288 0
s 208 304 80 304 0 1 true
r 272 304 272 112 0 10000
w 208 304 272 304 0
g 80 304 16 304 0 0
p 528 288 528 208 3 0 0
M 528 288 528 352 0 2.5
s 688 304 560 304 0 1 true
R 688 304 768 304 0 0 40 12 0 0 0.5
w 560 304 528 288 0
d 432 288 528 288 2 default
w 272 112 304 112 0
