$ 1 0.000005 10.20027730826997 50 5 43 5e-11
t 96 224 144 224 0 1 -5.775534677324599 0.22446527581883036 100 default
t 96 256 144 256 0 1 -5.7755344836677205 0.22446527582749787 100 default
R -32 224 -96 224 0 0 40 12 0 0 0.5
r 32 224 96 224 0 2000
r 96 256 32 256 0 2000
r 144 272 144 336 0 470
g 144 336 144 368 0 0
R 144 208 144 128 0 0 40 12 0 0 0.5
s -32 224 32 224 0 1 false
s 32 256 -32 256 0 1 false
w -32 256 -32 224 0
t 224 272 272 272 0 1 -11.99999968843342 -0.16146728265441734 100 default
t 224 304 272 304 0 1 -0.038558531918439415 0.12290905827792391 100 default
R 272 256 272 192 0 0 40 12 0 0 0.5
r 272 320 272 384 0 470
g 272 384 272 432 0 0
s 224 352 224 432 0 1 false
r 224 304 224 352 0 10000
s 416 304 416 256 0 1 false
R 416 304 416 368 0 0 40 12 0 0 0.5
g 496 336 496 400 0 0
M 496 208 496 112 0 2.5
p 528 192 528 144 3 0 0
M 336 320 384 320 0 2.5
w 336 320 272 320 0
p 336 208 336 160 3 0 0
w 336 288 336 320 0
r 224 272 144 272 0 2000
R 224 432 224 496 1 2 100 12 12 0 0.5
w 400 208 336 208 0
w 336 208 336 288 0
w 496 256 496 208 0
w 416 208 400 208 0
M 720 80 720 48 0 2.5
r 768 80 720 80 0 10000
g 768 80 784 80 0 0
g 768 144 784 144 0 0
r 768 144 720 144 0 10000
M 720 144 720 112 0 2.5
w 528 192 528 208 0
w 528 208 496 208 0
w 528 208 704 208 0
M 720 272 720 240 0 2.5
r 768 272 720 272 0 10000
g 768 272 784 272 0 0
M 720 336 720 304 0 2.5
r 768 336 720 336 0 100000
g 768 336 784 336 0 0
d 720 208 768 208 2 default
M 768 208 768 176 0 2.5
r 768 208 816 208 0 10000
g 816 208 832 208 0 0
w 704 80 720 80 0
w 704 208 720 208 0
w 704 208 704 144 0
w 704 144 720 144 0
w 704 144 704 80 0
w 704 208 704 272 0
w 704 272 720 272 0
w 704 272 704 336 0
w 704 336 720 336 0
p 720 336 720 400 3 0 0
w 416 256 496 256 0
w 496 208 416 208 0
r 496 336 496 256 0 2000
o 41 64 0 4099 20 0.00625 0 2 41 3
